0.22778097 0.91642165 0.46240416 0.82711256
0.40675637 0.80344015 0.35822874 0.8338388
0.35952744 0.8342418 0.34852415 0.8407127
0.34256634 0.844367 0.33382496 0.84973764
0.33620468 0.84745204 0.32522747 0.8520946
0.3283299 0.85150033 0.31630316 0.8583334
0.32442144 0.85425246 0.31313393 0.85981876
0.3184089 0.857231 0.30943087 0.861388
0.31448573 0.85924184 0.309068 0.8622494
0.31369722 0.8601607 0.3021764 0.86608285
0.29672962 0.87460935 0.29994807 0.8668888
0.3046446 0.8652388 0.2983688 0.8687798
0.30229387 0.86587805 0.2975399 0.8681736
0.3011023 0.86690784 0.2941043 0.8702932
0.30021766 0.8678356 0.29404125 0.87059987
0.29731426 0.86902523 0.2909615 0.87201774
0.29906705 0.86772907 0.2923178 0.87126637
0.2942704 0.87066764 0.2933593 0.87195027
0.29512784 0.8696777 0.28862035 0.8728698
0.29284537 0.87161756 0.28642622 0.8744306
0.28635934 0.8763672 0.28705037 0.8740898
0.2858779 0.8751554 0.2844121 0.87577176
0.28821477 0.8738769 0.28401038 0.8756222
0.28475764 0.8747869 0.28452587 0.8758068
0.28538457 0.8755016 0.282509 0.87647784
0.28487203 0.87524414 0.28275374 0.87664557
0.28517443 0.8755948 0.28267366 0.8770388
0.28424025 0.8752752 0.28140354 0.8777191
0.2821158 0.87716174 0.27972 0.8782295
0.28352818 0.8770197 0.27894422 0.8782703
0.27553576 0.87916666 0.27939332 0.87821615
0.2757784 0.88007367 0.27862832 0.8788934
0.27673724 0.87921697 0.27920702 0.8783462
0.27633888 0.8798384 0.27769324 0.8787873
0.2757699 0.8803578 0.27897242 0.8789688
0.27681762 0.8792525 0.2777779 0.879579
0.2751828 0.8803223 0.2774474 0.87960166
0.27682462 0.87985617 0.27745745 0.8789884
0.27501416 0.8811035 0.275526 0.8805096
0.27619466 0.8803578 0.27468792 0.8805944
0.2722363 0.88242185 0.27717876 0.8790669
0.26897365 0.8836559 0.27607706 0.88029885
0.26874202 0.883283 0.27601287 0.87981915
0.2677683 0.88495207 0.2751034 0.88089395
0.26898727 0.8834606 0.27705225 0.8796363
0.2686846 0.88385564 0.27542126 0.880175
0.27083844 0.88304776 0.27453956 0.88071334
0.26982534 0.8831099 0.27326182 0.88192666
0.26902255 0.8839533 0.2734722 0.8816049
0.2685288 0.8837047 0.27389282 0.88067704
0.26054513 0.88804686 0.27375254 0.8816653
0.26061696 0.88808596 0.27643704 0.8801458
0.2635969 0.8864213 0.2738706 0.8814767
0.26213935 0.88657224 0.2740504 0.88137996
0.26269495 0.88677204 0.27512315 0.88111454
0.26273698 0.8862172 0.27379784 0.8817545
0.26335692 0.88656783 0.27346218 0.88191783
0.26436934 0.8855158 0.27207047 0.88246274
0.26337174 0.88709164 0.27489963 0.8814451
0.26625094 0.88528055 0.27193737 0.88255644
0.25396237 0.89016926 0.27763808 0.88023317
0.2554383 0.89076704 0.27495474 0.88212687
0.25753036 0.8893022 0.27556118 0.88036585
0.26016983 0.8880904 0.2719303 0.88227415
0.25735492 0.8899813 0.2732403 0.88225156
0.25841334 0.8894531 0.27403742 0.88198173
0.25819156 0.88900924 0.27475682 0.88222396
0.26099962 0.8872647 0.27249926 0.8827069
0.26003096 0.88824576 0.27291957 0.8825693
0.26002663 0.88772637 0.27107164 0.8829275
0.25149208 0.89101565 0.27334726 0.8833628
0.25120232 0.8924272 0.2750784 0.8820673
0.25115573 0.89212537 0.2782748 0.8825777
0.25221822 0.89202327 0.2728539 0.88231325
0.25536293 0.8908292 0.27388722 0.88220054
0.2536299 0.8912198 0.27236566 0.88247657
0.25608522 0.89040303 0.2714201 0.88254315
0.25542265 0.8906916 0.27732414 0.8821384
0.2542944 0.8903409 0.27457783 0.8828781
0.25718692 0.8897594 0.27337134 0.88308096
0.23587689 0.89941406 0.2787722 0.88110214
0.24613394 0.8952548 0.27486315 0.88261235
0.24838677 0.8942827 0.27650085 0.88248986
0.25031856 0.8923384 0.27455592 0.88278943
0.2516144 0.89235616 0.2760452 0.88208956
0.24898554 0.8934348 0.27507526 0.88289064
0.25084203 0.8926358 0.27599686 0.8825263
0.2508356 0.8929688 0.27341104 0.8824956
0.2533738 0.89181906 0.27344748 0.8827153
0.25178656 0.89160156 0.27394706 0.8826376
0.23868997 0.8989583 0.27658874 0.8818299
0.24120067 0.8970082 0.27812433 0.8822311
0.2443439 0.8962669 0.27616793 0.88272506
0.24491414 0.8960893 0.27649742 0.8814927
0.24652322 0.8945934 0.2771622 0.8820682
0.24828862 0.894438 0.27404386 0.8830428
0.24839522 0.89368784 0.27422258 0.8829771
0.2493386 0.89335495 0.27283394 0.88324296
0.2505681 0.8933461 0.2739849 0.88311344
0.24913119 0.89351916 0.27527094 0.88269806
0.23397148 0.9013672 0.2794097 0.88172567
0.23992403 0.89730114 0.27766123 0.8821894
0.24265179 0.8960005 0.27907637 0.88162935
0.24205145 0.8974299 0.2786426 0.8819493
0.24291639 0.8968439 0.2766845 0.88284886
0.24256624 0.89675957 0.2757081 0.8827996
0.24537848 0.89537907 0.27753055 0.88116515
0.24399327 0.8965687 0.27685165 0.882173
0.24516273 0.89543676 0.27554196 0.8823403
0.24864478 0.8942915 0.27352035 0.88275033
0.2320379 0.9018821 0.2788909 0.8818987
0.23770186 0.8997514 0.27676654 0.88200927
0.23742329 0.89943624 0.2781914 0.8819813
0.2394783 0.8982422 0.27914563 0.88087845
0.24164355 0.89766514 0.27929404 0.88216144
0.24121287 0.89730555 0.27716145 0.8821983
0.24037258 0.8975897 0.2834089 0.88165957
0.24335001 0.89601827 0.27816013 0.8826861
0.24284735 0.8975897 0.27852386 0.88226175
0.24272357 0.89702594 0.2751347 0.8826034
0.23336299 0.90126956 0.27788383 0.88284534
0.23436476 0.9017001 0.283282 0.8811461
0.23424712 0.90133613 0.2808844 0.88149583
0.2353356 0.89991564 0.28113222 0.8816728
0.23928897 0.89835316 0.27932903 0.88184816
0.2386802 0.8980824 0.2805134 0.88150156
0.2394011 0.8983709 0.27830154 0.8823466
0.24035268 0.89744765 0.2784499 0.88176465
0.23960488 0.8978693 0.28002563 0.8814679
0.24233235 0.8970659 0.27777424 0.88150865
0.23148024 0.90183294 0.28159633 0.8812282
0.23135757 0.90307176 0.28025872 0.88158005
0.23206913 0.9019265 0.28101745 0.8806641
0.23349558 0.90148705 0.281542 0.88123393
0.23417069 0.9013494 0.28304547 0.8816546
0.2371526 0.89899683 0.280392 0.88121176
0.23693703 0.8999334 0.28091183 0.8813626
0.23770002 0.8994407 0.28114322 0.88174564
0.23849632 0.8992898 0.279293 0.8814927
0.2383708 0.89846414 0.28387642 0.8818317
0.22959614 0.9030134 0.28216428 0.8812597
0.2278333 0.90356004 0.2828124 0.8811474
0.23033978 0.90335137 0.2856119 0.8816023
0.23094901 0.90265006 0.2876789 0.88056207
0.23281853 0.90154916 0.28152907 0.88104
0.2321215 0.90286756 0.28309795 0.8805372
0.23612487 0.9009899 0.28112707 0.88063085
0.23499873 0.900293 0.28149787 0.8811554
0.23619905 0.89974254 0.28263503 0.8806965
0.23660327 0.9002974 0.28292233 0.88108444
0.2246887 0.9056771 0.2871548 0.8811292
0.22615114 0.9045987 0.28812206 0.88052475
0.2295081 0.9034845 0.28407627 0.88064194
0.22907913 0.90303177 0.28574356 0.88058865
0.23126803 0.9018865 0.28362888 0.88047457
0.22971155 0.90357774 0.283514 0.88053674
0.23224036 0.9019442 0.28587928 0.88068986
0.23176491 0.9022195 0.28139412 0.88084966
0.233543 0.90206856 0.28310347 0.8812947
0.23508921 0.9010476 0.28203434 0.88137597
0.22251675 0.90717775 0.28719223 0.8811638
0.22375831 0.9060325 0.2871585 0.8814301
0.2254323 0.90549093 0.28888482 0.88070226
0.22751185 0.9040172 0.2874526 0.88035697
0.22910008 0.903813 0.28955522 0.8806717
0.22923656 0.90436345 0.28696957 0.8809832
0.23175661 0.90269 0.28652483 0.88081235
0.23206326 0.9024103 0.28518793 0.8804343
0.23242143 0.9011896 0.28618604 0.8807906
0.23244368 0.90229934 0.28536126 0.8810143
0.21930984 0.9092601 0.2886126 0.8809601
0.22255695 0.90706235 0.29201552 0.8801302
0.22468568 0.9050737 0.2878306 0.87948936
0.22566774 0.90495384 0.28605175 0.88002324
0.22669484 0.904652 0.28655127 0.88034856
0.22808242 0.9035289 0.28810814 0.8802714
0.23009904 0.90360886 0.28634793 0.88080436
0.2286513 0.90302736 0.28919905 0.87995845
0.22979192 0.9034845 0.28660935 0.88053274
0.23064362 0.9032138 0.2849343 0.88068765
0.22166437 0.90687937 0.29529494 0.88000107
0.21726118 0.9093839 0.29472375 0.8789431
0.22283949 0.90739965 0.2899184 0.87941706
0.22402585 0.9064675 0.28855368 0.8809415
0.22674412 0.90478957 0.29068008 0.87965715
0.22502837 0.90535337 0.2879007 0.8800503
0.22672424 0.9044478 0.2894872 0.88027084
0.22839019 0.9037509 0.2874425 0.8798613
0.22896032 0.90352005 0.29099992 0.87988704
0.2303016 0.9029208 0.284062 0.8806699
0.21695524 0.91009456 0.2951052 0.8798471
0.21855633 0.90840733 0.30033672 0.8803353
0.22187935 0.9073553 0.29426306 0.8796647
0.22180596 0.9073775 0.2928848 0.8798001
0.22375093 0.90530896 0.2888122 0.87948185
0.2240973 0.9064542 0.29082045 0.8797898
0.22515312 0.90490055 0.29017618 0.87954175
0.22482187 0.9052823 0.29133183 0.87952274
0.22654957 0.9044256 0.28988785 0.8797796
0.22601739 0.90541106 0.2887219 0.879757