0.40994585 0.80224943 0.36425352 0.83046955
0.35661036 0.8352746 0.34484008 0.84245545
0.34391874 0.8433941 0.3378892 0.8474623
0.33617258 0.8469933 0.32726997 0.8522335
0.32809323 0.8522343 0.32263866 0.8546642
0.32704931 0.8531775 0.31925684 0.8568267
0.31994215 0.8569147 0.31357184 0.8602431
0.3168467 0.85909915 0.31469452 0.85953164
0.3141373 0.85947734 0.3092252 0.8624421
0.31229854 0.8605762 0.30464587 0.8647325
0.30690494 0.8641048 0.30938646 0.86108446
0.30510542 0.8653189 0.30696765 0.8626879
0.30460674 0.86526996 0.3002789 0.86743826
0.2999322 0.86708075 0.29800743 0.86860716
0.2997766 0.86753005 0.3022582 0.8673926
0.2977585 0.8684377 0.29721424 0.86834407
0.29991087 0.86732095 0.29492587 0.870097
0.29902473 0.8681529 0.293236 0.87080616
0.2961624 0.8700616 0.2953902 0.8698653
0.29535648 0.87004375 0.29185876 0.8719671
0.28893554 0.8735568 0.290983 0.872114
0.2875837 0.8743282 0.2906157 0.8723213
0.28926334 0.8732426 0.289827 0.8733109
0.28865722 0.8745373 0.28955474 0.8732714
0.28858355 0.873821 0.2892325 0.87336904
0.28859392 0.87355405 0.28711954 0.8739358
0.2868707 0.8739545 0.287494 0.87416697
0.2859587 0.8738833 0.2864734 0.8742491
0.28213844 0.87670845 0.28665116 0.8744785
0.28712827 0.87387437 0.28523782 0.8760416
0.27872548 0.8783857 0.28474054 0.8755081
0.2784168 0.8779675 0.28739998 0.87466806
0.27873152 0.8783724 0.28626388 0.87541676
0.2803581 0.87777174 0.28184026 0.8768448
0.2810253 0.87742025 0.28239712 0.8768324
0.277616 0.87937784 0.2828353 0.8768058
0.27798352 0.87894183 0.28145912 0.8764534
0.27708054 0.87948906 0.28190145 0.8767454
0.27935782 0.8782211 0.28084648 0.87746483
0.27701065 0.87948906 0.28076252 0.87745464
0.27154744 0.8824862 0.28082561 0.87745816
0.2712935 0.88248324 0.28243667 0.87671703
0.26981738 0.8830483 0.2838127 0.8762586
0.27059856 0.8824922 0.2813714 0.8775443
0.2718908 0.8820028 0.2860594 0.87614006
0.2726318 0.88162017 0.27852795 0.87832355
0.2718737 0.8817314 0.2788381 0.8784287
0.27218807 0.8817269 0.28021833 0.8783191
0.27226123 0.8814644 0.28206316 0.8767299
0.27445266 0.8800808 0.27934822 0.87843406
0.26495498 0.8857563 0.279772 0.8785042
0.26450732 0.8855353 0.2800969 0.87885207
0.26637393 0.88452536 0.2790686 0.8787878
0.26667932 0.8844453 0.28256702 0.87664115
0.2667838 0.88440526 0.27834296 0.87900436
0.26623654 0.88548636 0.27738926 0.8793873
0.26791903 0.88419616 0.28007203 0.87822723
0.26635045 0.88461435 0.28103113 0.87909395
0.2681671 0.88456094 0.27593434 0.8799465
0.26781487 0.8840093 0.2770301 0.88010275
0.2601066 0.88796514 0.27737215 0.8796988
0.26083317 0.887791 0.28127652 0.87983465
0.26078048 0.88762635 0.2785647 0.8797441
0.2601272 0.88777316 0.2780316 0.8796948
0.26214936 0.88662535 0.27854967 0.87975657
0.26209077 0.88653636 0.27877495 0.8776712
0.2618548 0.88747066 0.27699137 0.8794321
0.2641588 0.886216 0.27769136 0.8795627
0.26442066 0.8856866 0.2778753 0.8798684
0.26227823 0.886216 0.27727717 0.8795045
0.25409377 0.89096826 0.281511 0.87839323
0.2569231 0.8897708 0.27886045 0.8789488
0.25562593 0.89054936 0.27876896 0.8799891
0.25861177 0.88791555 0.28041857 0.8791197
0.2555968 0.89054936 0.27703416 0.8799159
0.25781816 0.889099 0.27798268 0.87993014
0.2575005 0.8895127 0.2781085 0.87994117
0.26023895 0.88826704 0.2768582 0.88022745
0.25919503 0.8884628 0.27727267 0.88028425
0.26041338 0.8877376 0.27572086 0.88029265
0.25158867 0.89268583 0.27802074 0.8801187
0.2507522 0.89309424 0.27862474 0.87978584
0.25310484 0.8919464 0.27994853 0.87966603
0.2529607 0.8910655 0.27794284 0.8800392
0.25295556 0.89146584 0.27735886 0.88016754
0.25597325 0.8902246 0.2766728 0.88068104
0.2539216 0.8916438 0.27714422 0.8804183
0.25702453 0.88935256 0.2774612 0.8803117
0.25649986 0.8902068 0.2759659 0.8805514
0.25452763 0.8903091 0.2806125 0.8797499
0.24676421 0.89520544 0.28216192 0.8777688
0.24856132 0.89409524 0.2808552 0.87960607
0.2500899 0.89309865 0.27722144 0.8791636
0.24931823 0.8932366 0.27989063 0.87905
0.25195193 0.8923245 0.28154507 0.8801151
0.25171655 0.89233786 0.27768484 0.8797454
0.25027966 0.892934 0.28038165 0.88023406
0.25075457 0.89287174 0.27597845 0.88092285
0.25386742 0.89087415 0.2769963 0.88040894
0.2537643 0.89134127 0.2764825 0.8808563
0.24308933 0.8965597 0.28022787 0.8793562
0.24536622 0.8957992 0.2797745 0.8795205
0.24679609 0.8948382 0.28146985 0.8785148
0.24743082 0.8937883 0.28236133 0.87833154
0.24784923 0.8948694 0.27848604 0.88013506
0.24566807 0.89531875 0.27909046 0.8800024
0.24920359 0.8932633 0.28017795 0.87943393
0.24976973 0.89251137 0.27927297 0.88018394
0.25194854 0.892547 0.2790188 0.87956214
0.24929424 0.8932188 0.28077948 0.8795209
0.23978059 0.89779156 0.28461254 0.87955195
0.24362162 0.89570135 0.28096393 0.8792129
0.24357066 0.89605725 0.28485674 0.87959945
0.24212451 0.8971161 0.28377083 0.87972367
0.24559067 0.89547443 0.27840626 0.87872165
0.24649051 0.894202 0.28121898 0.8796438
0.2447082 0.8966579 0.281607 0.87924314
0.24850601 0.89425987 0.2808125 0.8790478
0.24858508 0.89365476 0.2798633 0.8789306
0.24533425 0.8950429 0.27965027 0.88000864
0.23508297 0.90033907 0.28389207 0.8791912
0.23960608 0.8988379 0.2800985 0.8793678
0.24021956 0.8981795 0.28362113 0.87907887
0.2429271 0.8963509 0.281378 0.8791872
0.2435356 0.89596826 0.28190467 0.87902784
0.24195608 0.8971873 0.28106958 0.87969846
0.24425812 0.8956524 0.28064707 0.87927413
0.24265312 0.8970761 0.28078893 0.8791676
0.24627104 0.89497614 0.2812301 0.87995315
0.24361369 0.8967157 0.28310648 0.87902296
0.23475112 0.9009494 0.2876778 0.87906826
0.2362667 0.8998167 0.28301716 0.8782317
0.23929219 0.898442 0.2811019 0.8789368
0.23898391 0.89780575 0.28665373 0.8773765
0.23919575 0.89841527 0.28314698 0.87908155
0.24172549 0.89716065 0.28260937 0.8791313
0.24048619 0.8982373 0.28339502 0.8788929
0.24249582 0.89708054 0.2811775 0.8792551
0.24255611 0.8965867 0.2812561 0.87947166
0.24244197 0.8974409 0.28280988 0.87883574
0.2322157 0.90163976 0.2853099 0.8788752
0.23549151 0.900751 0.28337142 0.8793265
0.23600432 0.8996877 0.28706014 0.87832934
0.23735064 0.8989002 0.28502196 0.87780434
0.2380955 0.89841527 0.28686696 0.87854815
0.23831679 0.8991271 0.28805092 0.87908196
0.23829515 0.89924276 0.28308126 0.8793553
0.23926575 0.89804596 0.2835654 0.87849844
0.24189104 0.8976144 0.28186697 0.87831736
0.23808636 0.8985888 0.28249472 0.87813896
0.22985798 0.90285885 0.2854433 0.8787633
0.23227552 0.9015696 0.2851163 0.87868834
0.23382837 0.9014806 0.28565907 0.8785761
0.23473683 0.90058196 0.28517446 0.87878597
0.23496842 0.90135604 0.28560966 0.87848026
0.23574224 0.9004885 0.28546628 0.8784713
0.23678015 0.8992606 0.28423908 0.8788361
0.2372124 0.89997685 0.28586647 0.87886894
0.23827268 0.8986155 0.28568414 0.87880325
0.23807122 0.8987578 0.28550038 0.8781824
0.2265634 0.9051021 0.2897421 0.8782179
0.23025823 0.9027709 0.29025304 0.8784775
0.23078814 0.90209013 0.28578576 0.8778886
0.23283657 0.9018766 0.28718892 0.8786572
0.23392527 0.9005107 0.28838974 0.87797385
0.2334529 0.9013294 0.29054952 0.8780227
0.23560593 0.9002972 0.28703895 0.8787465
0.23390187 0.90082216 0.28591204 0.87854505
0.23486297 0.90067536 0.28714925 0.8782308
0.23822102 0.89941186 0.28715962 0.8788219
0.22695445 0.90466654 0.2918949 0.8779685
0.2275302 0.90419453 0.29040617 0.8778332
0.22837228 0.902802 0.29220894 0.87832266
0.22986439 0.90333146 0.29041517 0.8780058
0.23121703 0.902366 0.28915137 0.8769132
0.23260528 0.90198785 0.290501 0.8777186
0.23494574 0.90113807 0.28537548 0.87742704
0.23460388 0.9009868 0.28770462 0.87786025
0.23272201 0.9015474 0.2880167 0.87831825
0.2343581 0.9006576 0.28777346 0.8782996
0.22650017 0.90496844 0.2950028 0.8773854
0.22388905 0.90590745 0.29500136 0.8776237
0.22740908 0.90441257 0.29226598 0.8779299
0.22897571 0.9035583 0.2915637 0.8778194
0.23077382 0.90297997 0.29198956 0.8781105
0.23029839 0.9030645 0.288647 0.877819
0.23089896 0.90243274 0.290062 0.8767592
0.23167506 0.9022325 0.29355606 0.8778873
0.23247515 0.90166306 0.29003102 0.87734455
0.23335095 0.9013427 0.28801447 0.87788373
0.2248831 0.905228 0.29553387 0.87597996
0.2242182 0.90614766 0.29350814 0.8774102
0.22473058 0.90514666 0.2970919 0.877337
0.2260192 0.90500873 0.2926556 0.8773042
0.22925587 0.9035317 0.2896458 0.87741333
0.2270946 0.9047551 0.29449254 0.8766265
0.22972636 0.90318906 0.29156306 0.87717724
0.23246789 0.9022414 0.29118708 0.87737876
0.22900456 0.90319794 0.29127774 0.8761889
0.23217687 0.9018321 0.2914753 0.87757534
